Initial
[[19, 2, 32, 46, 3, 33],
[15, 42, 11, 0, 3, 24],
[43, 15, 0, 24, 4, 16],
[20, 44, 44, 0, 18, 15],
[0, 48, 35, 16, 31, 31],
[48, 33, 32, 9, 1, 29]]

Step 1, k: 1/1

swap
[[15, 42, 11, 0, 3, 24],
[19, 2, 32, 46, 3, 33],
[43, 15, 0, 24, 4, 16],
[20, 44, 44, 0, 18, 15],
[0, 48, 35, 16, 31, 31],
[48, 33, 32, 9, 1, 29]]

Step 2, k: 1/1

red
[[15, 42, 11, 0, 3, 24],
[4, -40, 21, 46, 0, 9],
[43, 15, 0, 24, 4, 16],
[20, 44, 44, 0, 18, 15],
[0, 48, 35, 16, 31, 31],
[48, 33, 32, 9, 1, 29]]

Step 3, k: 2/2

red
[[15, 42, 11, 0, 3, 24],
[4, -40, 21, 46, 0, 9],
[28, -27, -11, 24, 1, -8],
[20, 44, 44, 0, 18, 15],
[0, 48, 35, 16, 31, 31],
[48, 33, 32, 9, 1, 29]]

swap
[[15, 42, 11, 0, 3, 24],
[28, -27, -11, 24, 1, -8],
[4, -40, 21, 46, 0, 9],
[20, 44, 44, 0, 18, 15],
[0, 48, 35, 16, 31, 31],
[48, 33, 32, 9, 1, 29]]

Step 4, k: 1/1

red
[[15, 42, 11, 0, 3, 24],
[28, -27, -11, 24, 1, -8],
[4, -40, 21, 46, 0, 9],
[20, 44, 44, 0, 18, 15],
[0, 48, 35, 16, 31, 31],
[48, 33, 32, 9, 1, 29]]

Step 5, k: 2/2

red
[[15, 42, 11, 0, 3, 24],
[28, -27, -11, 24, 1, -8],
[-24, -13, 32, 22, -1, 17],
[20, 44, 44, 0, 18, 15],
[0, 48, 35, 16, 31, 31],
[48, 33, 32, 9, 1, 29]]

Step 6, k: 3/3

red
[[15, 42, 11, 0, 3, 24],
[28, -27, -11, 24, 1, -8],
[-24, -13, 32, 22, -1, 17],
[5, 2, 33, 0, 15, -9],
[0, 48, 35, 16, 31, 31],
[48, 33, 32, 9, 1, 29]]

swap
[[15, 42, 11, 0, 3, 24],
[28, -27, -11, 24, 1, -8],
[5, 2, 33, 0, 15, -9],
[-24, -13, 32, 22, -1, 17],
[0, 48, 35, 16, 31, 31],
[48, 33, 32, 9, 1, 29]]

Step 7, k: 2/2

red
[[15, 42, 11, 0, 3, 24],
[28, -27, -11, 24, 1, -8],
[5, 2, 33, 0, 15, -9],
[-24, -13, 32, 22, -1, 17],
[0, 48, 35, 16, 31, 31],
[48, 33, 32, 9, 1, 29]]

swap
[[15, 42, 11, 0, 3, 24],
[5, 2, 33, 0, 15, -9],
[28, -27, -11, 24, 1, -8],
[-24, -13, 32, 22, -1, 17],
[0, 48, 35, 16, 31, 31],
[48, 33, 32, 9, 1, 29]]

Step 8, k: 1/1

red
[[15, 42, 11, 0, 3, 24],
[5, 2, 33, 0, 15, -9],
[28, -27, -11, 24, 1, -8],
[-24, -13, 32, 22, -1, 17],
[0, 48, 35, 16, 31, 31],
[48, 33, 32, 9, 1, 29]]

swap
[[5, 2, 33, 0, 15, -9],
[15, 42, 11, 0, 3, 24],
[28, -27, -11, 24, 1, -8],
[-24, -13, 32, 22, -1, 17],
[0, 48, 35, 16, 31, 31],
[48, 33, 32, 9, 1, 29]]

Step 9, k: 1/1

red
[[5, 2, 33, 0, 15, -9],
[15, 42, 11, 0, 3, 24],
[28, -27, -11, 24, 1, -8],
[-24, -13, 32, 22, -1, 17],
[0, 48, 35, 16, 31, 31],
[48, 33, 32, 9, 1, 29]]

Step 10, k: 2/2

red
[[5, 2, 33, 0, 15, -9],
[15, 42, 11, 0, 3, 24],
[28, -27, -11, 24, 1, -8],
[-24, -13, 32, 22, -1, 17],
[0, 48, 35, 16, 31, 31],
[48, 33, 32, 9, 1, 29]]

Step 11, k: 3/3

red
[[5, 2, 33, 0, 15, -9],
[15, 42, 11, 0, 3, 24],
[28, -27, -11, 24, 1, -8],
[-29, -15, -1, 22, -16, 26],
[0, 48, 35, 16, 31, 31],
[48, 33, 32, 9, 1, 29]]

Step 12, k: 4/4

red
[[5, 2, 33, 0, 15, -9],
[15, 42, 11, 0, 3, 24],
[28, -27, -11, 24, 1, -8],
[-29, -15, -1, 22, -16, 26],
[-20, 4, -9, 16, 13, 16],
[48, 33, 32, 9, 1, 29]]

swap
[[5, 2, 33, 0, 15, -9],
[15, 42, 11, 0, 3, 24],
[28, -27, -11, 24, 1, -8],
[-20, 4, -9, 16, 13, 16],
[-29, -15, -1, 22, -16, 26],
[48, 33, 32, 9, 1, 29]]

Step 13, k: 3/3

red
[[5, 2, 33, 0, 15, -9],
[15, 42, 11, 0, 3, 24],
[28, -27, -11, 24, 1, -8],
[-20, 4, -9, 16, 13, 16],
[-29, -15, -1, 22, -16, 26],
[48, 33, 32, 9, 1, 29]]

swap
[[5, 2, 33, 0, 15, -9],
[15, 42, 11, 0, 3, 24],
[-20, 4, -9, 16, 13, 16],
[28, -27, -11, 24, 1, -8],
[-29, -15, -1, 22, -16, 26],
[48, 33, 32, 9, 1, 29]]

Step 14, k: 2/2

red
[[5, 2, 33, 0, 15, -9],
[15, 42, 11, 0, 3, 24],
[-20, 4, -9, 16, 13, 16],
[28, -27, -11, 24, 1, -8],
[-29, -15, -1, 22, -16, 26],
[48, 33, 32, 9, 1, 29]]

swap
[[5, 2, 33, 0, 15, -9],
[-20, 4, -9, 16, 13, 16],
[15, 42, 11, 0, 3, 24],
[28, -27, -11, 24, 1, -8],
[-29, -15, -1, 22, -16, 26],
[48, 33, 32, 9, 1, 29]]

Step 15, k: 1/1

red
[[5, 2, 33, 0, 15, -9],
[-20, 4, -9, 16, 13, 16],
[15, 42, 11, 0, 3, 24],
[28, -27, -11, 24, 1, -8],
[-29, -15, -1, 22, -16, 26],
[48, 33, 32, 9, 1, 29]]

Step 16, k: 2/2

red
[[5, 2, 33, 0, 15, -9],
[-20, 4, -9, 16, 13, 16],
[15, 42, 11, 0, 3, 24],
[28, -27, -11, 24, 1, -8],
[-29, -15, -1, 22, -16, 26],
[48, 33, 32, 9, 1, 29]]

Step 17, k: 3/3

red
[[5, 2, 33, 0, 15, -9],
[-20, 4, -9, 16, 13, 16],
[15, 42, 11, 0, 3, 24],
[28, -27, -11, 24, 1, -8],
[-29, -15, -1, 22, -16, 26],
[48, 33, 32, 9, 1, 29]]

Step 18, k: 4/4

red
[[5, 2, 33, 0, 15, -9],
[-20, 4, -9, 16, 13, 16],
[15, 42, 11, 0, 3, 24],
[28, -27, -11, 24, 1, -8],
[-9, -19, 8, 6, -29, 10],
[48, 33, 32, 9, 1, 29]]

swap
[[5, 2, 33, 0, 15, -9],
[-20, 4, -9, 16, 13, 16],
[15, 42, 11, 0, 3, 24],
[-9, -19, 8, 6, -29, 10],
[28, -27, -11, 24, 1, -8],
[48, 33, 32, 9, 1, 29]]

Step 19, k: 3/3

red
[[5, 2, 33, 0, 15, -9],
[-20, 4, -9, 16, 13, 16],
[15, 42, 11, 0, 3, 24],
[-9, -19, 8, 6, -29, 10],
[28, -27, -11, 24, 1, -8],
[48, 33, 32, 9, 1, 29]]

swap
[[5, 2, 33, 0, 15, -9],
[-20, 4, -9, 16, 13, 16],
[-9, -19, 8, 6, -29, 10],
[15, 42, 11, 0, 3, 24],
[28, -27, -11, 24, 1, -8],
[48, 33, 32, 9, 1, 29]]

Step 20, k: 2/2

red
[[5, 2, 33, 0, 15, -9],
[-20, 4, -9, 16, 13, 16],
[-9, -19, 8, 6, -29, 10],
[15, 42, 11, 0, 3, 24],
[28, -27, -11, 24, 1, -8],
[48, 33, 32, 9, 1, 29]]

Step 21, k: 3/3

red
[[5, 2, 33, 0, 15, -9],
[-20, 4, -9, 16, 13, 16],
[-9, -19, 8, 6, -29, 10],
[15, 42, 11, 0, 3, 24],
[28, -27, -11, 24, 1, -8],
[48, 33, 32, 9, 1, 29]]

Step 22, k: 4/4

red
[[5, 2, 33, 0, 15, -9],
[-20, 4, -9, 16, 13, 16],
[-9, -19, 8, 6, -29, 10],
[15, 42, 11, 0, 3, 24],
[28, -27, -11, 24, 1, -8],
[48, 33, 32, 9, 1, 29]]

Step 23, k: 5/5

red
[[5, 2, 33, 0, 15, -9],
[-20, 4, -9, 16, 13, 16],
[-9, -19, 8, 6, -29, 10],
[15, 42, 11, 0, 3, 24],
[28, -27, -11, 24, 1, -8],
[-6, -7, -20, -21, 8, -12]]

swap
[[5, 2, 33, 0, 15, -9],
[-20, 4, -9, 16, 13, 16],
[-9, -19, 8, 6, -29, 10],
[15, 42, 11, 0, 3, 24],
[-6, -7, -20, -21, 8, -12],
[28, -27, -11, 24, 1, -8]]

Step 24, k: 4/4

red
[[5, 2, 33, 0, 15, -9],
[-20, 4, -9, 16, 13, 16],
[-9, -19, 8, 6, -29, 10],
[15, 42, 11, 0, 3, 24],
[-6, -7, -20, -21, 8, -12],
[28, -27, -11, 24, 1, -8]]

swap
[[5, 2, 33, 0, 15, -9],
[-20, 4, -9, 16, 13, 16],
[-9, -19, 8, 6, -29, 10],
[-6, -7, -20, -21, 8, -12],
[15, 42, 11, 0, 3, 24],
[28, -27, -11, 24, 1, -8]]

Step 25, k: 3/3

red
[[5, 2, 33, 0, 15, -9],
[-20, 4, -9, 16, 13, 16],
[-9, -19, 8, 6, -29, 10],
[-6, -7, -20, -21, 8, -12],
[15, 42, 11, 0, 3, 24],
[28, -27, -11, 24, 1, -8]]

swap
[[5, 2, 33, 0, 15, -9],
[-20, 4, -9, 16, 13, 16],
[-6, -7, -20, -21, 8, -12],
[-9, -19, 8, 6, -29, 10],
[15, 42, 11, 0, 3, 24],
[28, -27, -11, 24, 1, -8]]

Step 26, k: 2/2

red
[[5, 2, 33, 0, 15, -9],
[-20, 4, -9, 16, 13, 16],
[-6, -7, -20, -21, 8, -12],
[-9, -19, 8, 6, -29, 10],
[15, 42, 11, 0, 3, 24],
[28, -27, -11, 24, 1, -8]]

Step 27, k: 3/3

red
[[5, 2, 33, 0, 15, -9],
[-20, 4, -9, 16, 13, 16],
[-6, -7, -20, -21, 8, -12],
[-10, -24, 21, -15, -6, -11],
[15, 42, 11, 0, 3, 24],
[28, -27, -11, 24, 1, -8]]

Step 28, k: 4/4

red
[[5, 2, 33, 0, 15, -9],
[-20, 4, -9, 16, 13, 16],
[-6, -7, -20, -21, 8, -12],
[-10, -24, 21, -15, -6, -11],
[0, 16, -1, -15, -18, 22],
[28, -27, -11, 24, 1, -8]]

Step 29, k: 5/5

red
[[5, 2, 33, 0, 15, -9],
[-20, 4, -9, 16, 13, 16],
[-6, -7, -20, -21, 8, -12],
[-10, -24, 21, -15, -6, -11],
[0, 16, -1, -15, -18, 22],
[7, -12, -8, 4, 19, 9]]

swap
[[5, 2, 33, 0, 15, -9],
[-20, 4, -9, 16, 13, 16],
[-6, -7, -20, -21, 8, -12],
[-10, -24, 21, -15, -6, -11],
[7, -12, -8, 4, 19, 9],
[0, 16, -1, -15, -18, 22]]

Step 30, k: 4/4

red
[[5, 2, 33, 0, 15, -9],
[-20, 4, -9, 16, 13, 16],
[-6, -7, -20, -21, 8, -12],
[-10, -24, 21, -15, -6, -11],
[7, -12, -8, 4, 19, 9],
[0, 16, -1, -15, -18, 22]]

swap
[[5, 2, 33, 0, 15, -9],
[-20, 4, -9, 16, 13, 16],
[-6, -7, -20, -21, 8, -12],
[7, -12, -8, 4, 19, 9],
[-10, -24, 21, -15, -6, -11],
[0, 16, -1, -15, -18, 22]]

Step 31, k: 3/3

red
[[5, 2, 33, 0, 15, -9],
[-20, 4, -9, 16, 13, 16],
[-6, -7, -20, -21, 8, -12],
[7, -12, -8, 4, 19, 9],
[-10, -24, 21, -15, -6, -11],
[0, 16, -1, -15, -18, 22]]

swap
[[5, 2, 33, 0, 15, -9],
[-20, 4, -9, 16, 13, 16],
[7, -12, -8, 4, 19, 9],
[-6, -7, -20, -21, 8, -12],
[-10, -24, 21, -15, -6, -11],
[0, 16, -1, -15, -18, 22]]

Step 32, k: 2/2

red
[[5, 2, 33, 0, 15, -9],
[-20, 4, -9, 16, 13, 16],
[7, -12, -8, 4, 19, 9],
[-6, -7, -20, -21, 8, -12],
[-10, -24, 21, -15, -6, -11],
[0, 16, -1, -15, -18, 22]]

swap
[[5, 2, 33, 0, 15, -9],
[7, -12, -8, 4, 19, 9],
[-20, 4, -9, 16, 13, 16],
[-6, -7, -20, -21, 8, -12],
[-10, -24, 21, -15, -6, -11],
[0, 16, -1, -15, -18, 22]]

Step 33, k: 1/1

red
[[5, 2, 33, 0, 15, -9],
[7, -12, -8, 4, 19, 9],
[-20, 4, -9, 16, 13, 16],
[-6, -7, -20, -21, 8, -12],
[-10, -24, 21, -15, -6, -11],
[0, 16, -1, -15, -18, 22]]

swap
[[7, -12, -8, 4, 19, 9],
[5, 2, 33, 0, 15, -9],
[-20, 4, -9, 16, 13, 16],
[-6, -7, -20, -21, 8, -12],
[-10, -24, 21, -15, -6, -11],
[0, 16, -1, -15, -18, 22]]

Step 34, k: 1/1

red
[[7, -12, -8, 4, 19, 9],
[5, 2, 33, 0, 15, -9],
[-20, 4, -9, 16, 13, 16],
[-6, -7, -20, -21, 8, -12],
[-10, -24, 21, -15, -6, -11],
[0, 16, -1, -15, -18, 22]]

Step 35, k: 2/2

red
[[7, -12, -8, 4, 19, 9],
[5, 2, 33, 0, 15, -9],
[-20, 4, -9, 16, 13, 16],
[-6, -7, -20, -21, 8, -12],
[-10, -24, 21, -15, -6, -11],
[0, 16, -1, -15, -18, 22]]

swap
[[7, -12, -8, 4, 19, 9],
[-20, 4, -9, 16, 13, 16],
[5, 2, 33, 0, 15, -9],
[-6, -7, -20, -21, 8, -12],
[-10, -24, 21, -15, -6, -11],
[0, 16, -1, -15, -18, 22]]

Step 36, k: 1/1

red
[[7, -12, -8, 4, 19, 9],
[-20, 4, -9, 16, 13, 16],
[5, 2, 33, 0, 15, -9],
[-6, -7, -20, -21, 8, -12],
[-10, -24, 21, -15, -6, -11],
[0, 16, -1, -15, -18, 22]]

Step 37, k: 2/2

red
[[7, -12, -8, 4, 19, 9],
[-20, 4, -9, 16, 13, 16],
[5, 2, 33, 0, 15, -9],
[-6, -7, -20, -21, 8, -12],
[-10, -24, 21, -15, -6, -11],
[0, 16, -1, -15, -18, 22]]

Step 38, k: 3/3

red
[[7, -12, -8, 4, 19, 9],
[-20, 4, -9, 16, 13, 16],
[5, 2, 33, 0, 15, -9],
[-6, -7, -20, -21, 8, -12],
[-10, -24, 21, -15, -6, -11],
[0, 16, -1, -15, -18, 22]]

Step 39, k: 4/4

red
[[7, -12, -8, 4, 19, 9],
[-20, 4, -9, 16, 13, 16],
[5, 2, 33, 0, 15, -9],
[-6, -7, -20, -21, 8, -12],
[-10, -24, 21, -15, -6, -11],
[0, 16, -1, -15, -18, 22]]

Step 40, k: 5/5

red
[[7, -12, -8, 4, 19, 9],
[-20, 4, -9, 16, 13, 16],
[5, 2, 33, 0, 15, -9],
[-6, -7, -20, -21, 8, -12],
[-10, -24, 21, -15, -6, -11],
[7, 4, -9, -11, 1, 31]]

Check for the LLL reducedness:

Mu matrix:
[[0.00000, 0.00000, 0.00000, 0.00000, 0.00000, 0.00000],
[0.47413, 0.00000, 0.00000, 0.00000, 0.00000, 0.00000],
[-0.06853, -0.30942, 0.00000, 0.00000, 0.00000, 0.00000],
[0.22657, -0.22492, -0.40484, 0.00000, 0.00000, 0.00000],
[-0.31189, -0.46523, 0.33424, 0.39824, 0.00000, 0.00000],
[0.45734, 0.13267, -0.34297, -0.30214, -0.12989, 0.00000]]

Lovasz vector:
[0.00000, 641.75000, 657.68846, 53.39668, 439.72123, 132.74142]
Final
[[7, -12, -8, 4, 19, 9],
[-20, 4, -9, 16, 13, 16],
[5, 2, 33, 0, 15, -9],
[-6, -7, -20, -21, 8, -12],
[-10, -24, 21, -15, -6, -11],
[7, 4, -9, -11, 1, 31]]

red: 39, swap: 19

